601164850
685306000
685305000
624975000
624974000
600773840
601165850
600798850
601743660
601743830
602245710
630437000
601739500
601742850
601742840
601742800
601743840
614051500
614051710
614052500
614053500
614053710
614053900
614054500
627370000
UA601609850
UA602325550
UA602334890
685232000
601748850
613156500
613156800
613156840
613156850
613157500
613157840
613157860
613157710
613158500
613158840
685235000
613155840
613155850
613155710
602207710
601740500
613155500
613155800
601047850
601047840
601048850
601048840
601054850
601054840
601055850
601055840
602089840
602089850
601052000
600642000
600641000
600643000
600645000
601770500
603608950
616529000
616520000
616528000
616315000
616527000
616232000
616234000
616316000
616526000
616231000
616233000
628547000
610217000
602071850
602072850
602073850
602074850
602075850
601616850
601616840
601617850
601617840
691222000
691223000
600779850
601502840
601502850
601503840
601503850
601049500
600317500
601166000
601166500
691219000
600323260
316093160
103152000
600789850
626983000
635428000
635422000
635424000
635425000
635426000
635427000
635408000
635409000
635411000
635412000
635413000
635414000
635415000
635416000
635417000
635419000
635420000
635402000
635405000
635406000
635407000
628711000
628712000
628713000
628714000
628690000
628691000
628693000
628694000
628692000
628695000
600794850
691229000
600856500
600856840
600856850
613305000
613305900
691215000
691216000
614305850
610216000
602083000
610216900
602085000
613216000
602086000
613216900
602087000
691213000
602088000
613254000
614216850
613254900
614216650
691214000
614216810
614216920
614254850
614254650
614254810
614254920
614305810
611857850
611857810
611857840
600827850
600826840
600826850
600829850
600828850
601044800
601044850
601045800
601045850
601045920
601046500
601046800
601046850
685227000
685228000
601044500
601744500
601744510
601744000
601729850
601714600
627674000
627677000
627678000
623404000
635260000
601725850
601726850
601727850
601728850
612090800
612090840
600797840
600797850
601741000
601745840
601746840
601735840
691226000
601730660
602370850
601731850
602371850
601731840
602371840
601731660
602371860
601732840
602371510
601747840
685234000
601734840
602373850
602374850
602374840
602374510
602374860
691224000
691225000
685233000
601730840
601730850
690827000
690828000
601002860
600742500
603185660
603183650
603181660
603184660
602035850
629070000
629072000
627186000
627114000
623743000
628362000
630149000
630150000
630151000
630152000
630153000
630154000
630155000
630156000
628942000
628945000
626901000
626907000
626908000
626909000
628929000
626893000
628930000
628931000
628932000
628934000
628935000
628936000
628937000
628939000
628941000
628923000
628924000
628925000
628926000
628927000
628928000
628891000
628916000
628917000
628918000
628919000
628920000
628921000
628922000
627840000
627845000
630144000
628421000
628441000
628496000
628497000
628498000
623772000
628423000
628437000
628439000
627232000
627197000
627341000
627189000
636618000
627198000
626940000
626695000
630465000
626977000
626718000
626719000
626974000
626975000
626976000
626970000
626971000
626972000
626973000
630441000
625030000
626910000
623865000
623875000
629077000
628684000
628681000
628683000
628682000
630611000
630836000
630449000
626982000
626984000
623723000
626980000
626981000
685217500
685212000
685210000
685211000
685213000
685214000
601613850
601722850
601723850
601724850
601717850
601718850
601718500
601719850
601716850
601716650
604125000
604150000
604160000
604200000
604210000
604220000
600789500
614048000
614049000
614050000
601507850
691210000
691211000
613089500
613089510
613089850
613089840
602258850
602258840
602258810
631358840
685218800
631358850
601714660
601714800
601714840
601714850
601714900
601714930
685219650
631357840
631357850
601715660
601715840
601715850
601715900
601715930
601713860
601712510
601712650
601712800
601712840
601712850
601712860
685216500
601713660
601713850
602403850
602403650
602403660
602401660
602401810
602401840
602401850
602403840
603185840
603185850
603182660
603180850
603182850
603180660
603180840
603181840
603182840
603181850
620062500
620062540
603183660
620062840
603183840
620062890
603183850
620063500
620063540
603184840
620063840
603184850
620063860
600411850
600411840
601110000
601110500
613103810
613103840
601786000
601787000
613114000
613117000
613105000
613108000
603604920
603605920
603611510
610035920
685206510
613059850
685205500
613091850
685207510
685208650
613052510
685209000
613052840
613052850
613054650
602246840
613054660
602246850
613054810
602249650
613054840
602249840
613054850
602249960
613056840
602247840
613057840
602247850
613057850
602247860
613059660
685204500
613059840
601708500
601710500
601711500
601709500
601713840
602035840
602402850
626890000
601506850
601505850
601720850
602402840
602402660
601504850
601713800
602247510
613057660
602249850
626883000
600687000
602334840
0103152000
625026000
625027000
625028000
UA601857890
UA601002890
UA601003890
UA602396890
UA600210890
685194000
685196000
685197000
685198000
685199000
685200000
685202000
685203000
685193000
601788800
601788840
601788850
602398840
602398850
602397840
602397850
601721500
601749500
601784500
602036840
602036850
602036920
602037840
602037850
600156500
630889000
630887000
630891000
627044000
627378000
627265000
627093000
627064000
685064000
685132000
685133000
685180000
685135000
685163000
685143000
625453000
627283000
625595000
685161000
627108000
625344000
625529000
625592000
685051000
624989000
685050000
625368000
685048000
624990000
685049000
625369000
685130000
625549000
685160000
624991000
685136000
627291000
685122000
627495000
685131000
685069000
685074000
685077000
685142000
625596000
625591000
625225000
625406000
625349000
685300000
685301000
625438000
625585000
630886000
631618000
685139000
685127000
691065000
685182000
691174000
691175000
685081000
685184000
691008000
691013000
691015000
657027000
657028000
657029000
657030000
685166000
685186000
685167000
685185000
685168000
601521850
685165000
606162000
601036900
606163000
601036910
606166000
685123000
606167000
685123960
691006000
685124000
613025810
613025850
691192000
685188000
685083000
601163850
602021850
613021510
619002500
691060000
613021890
619002800
602021000
613021840
619002840
602046850
613021800
619002890
613088500
600771700
613088800
600771840
613088840
600771890
613088850
610502850
600288000
610502840
602242850
601614840
606176850
601614850
601207850
601615840
600321850
601206600
601615850
685038000
601206850
602028850
685082000
601207800
602029850
602205800
600324800
631341840
691172840
602266800
602205890
600324840
600796840
691172810
602366500
602205840
600324850
600796650
611866660
602366840
602205660
691198000
600796810
611866810
602366850
602198500
600210800
600795840
611866840
602267650
602396890
602198650
600210500
600752840
611866850
602267810
602396840
602198660
600210650
600638840
691195000
602267840
602396800
602198890
600210890
600638890
691194000
602267850
685089000
602198840
600211840
600639850
691194840
602111850
685090000
600795650
600211890
601857840
691194810
690728000
602395650
600207500
600211900
601857890
602269610
600154850
602395800
600207800
600211500
601857700
602269650
600191850
602395840
600207840
600211660
601857810
602269850
600192850
602395890
600207850
600211540
601866660
602266890
602205500
600207860
600211930
601866810
602266840
602205650
600324500
631341890
601866840
602266500
602352890
602191500
602359660
602355620
603828660
602104500
602353650
602191890
602359650
602355660
619001650
602104840
602353660
602191840
602359770
602355840
619001850
602102800
602353840
602193500
602359850
602355890
619001660
602102600
602350500
602193650
602359840
602356650
619001810
602103510
602350650
602193840
602360500
602356660
602103500
602350840
602192500
602360850
602356840
602103600
602350890
602192650
602360840
602357660
602103840
602350800
602192890
602360650
602357840
602325960
602350660
602200650
602361660
602362500
602191960
602351650
602200840
602361650
602362660
602192840
602351660
602358500
602361850
602362840
602192960
602351770
602358650
602361840
602362850
602352500
602351840
602358660
602354660
603828500
602352650
602351890
602358850
602354840
603828840
602352840
602191650
602358840
602354890
603828890
601036890
601077800
602217880
602331800
602325890
602102960
601037890
601077890
602207550
602331840
602334550
601038840
600777850
602207560
602331890
602334800
601038500
600778850
602217870
602326840
602334770
600348500
601038800
601405840
602245550
602326800
602334860
600348800
601039840
601405890
602245560
602326500
602334890
600348840
601039500
601003650
602217840
602326890
602316550
600348850
601039800
601003890
602321500
602327500
602316500
600348860
601038890
601002840
602321870
602327800
602316800
600349840
601039890
601002890
602321540
602327840
602316840
600349850
601076890
602206550
602320500
602327890
602316890
601036840
601076840
602206510
602320870
602325550
602102530
601036500
601076500
602206530
602317500
602325500
602102500
601036870
601076870
602206540
602317540
602325800
602102650
601037840
601077840
602206880
602317870
602325840
602102890
601037500
601077500
602217500
602331500
602325860
602102840
600370000
602322800
600368000
602322840
600298000
602322860
601114500
602322890
601114840
601114890
601115500
601115800
601115840
600984000
601115890
600984500
600788000
600079500
601218850
600080500
601218800
600079550
601217850
600385500
601217600
600080880
602322500
613101660
613102840
613102810
602082890
602082840
600146840
600146850
613075840
601306840
613075850
601306660
613077660
613077840
613077850
613078840
613075810
613077940
613077810
602174610
602174650
602174840
602174850
601754750
602174890
601754840
600404650
613075660
613087840
600261890
600261840
600845840
600845510
620047890
620048500
620048510
620048890
620049500
620049510
620049890
628422000
628430000
630474000
630475000
0903063122
0903060778
0903063130
0903063149
601609860
601609850
601610850
601611850
602038850
600467850
601607850
601607650
620016000
601606850
620017000
601606650
620018000
601608500
608745000
601608840
608755000
601608860
608765000
601608850
608855000
691193000
608865000
601609840
608875000
600463850
600463000
600463800
600466860
0250750013
0250660000
0250800000
0250800002
0250660006
0250750100
0250750000
0251500000
0251400000
0250500050
691099000
601538000
604116500
601562500
601578000
601539000
601590000
601564500
601579000
601540000
601549000
601568500
601580000
601541000
601550000
602233000
601581000
601542000
601551000
602234000
601582000
601531000
601552000
602235000
601583000
601544000
601553000
602236000
601584000
601545000
601554000
601569000
601585000
601501000
601546000
601555000
601570000
601586000
601532000
601587000
601592000
601571000
601533000
601589000
601556000
601572000
601534000
601543000
601591000
601573000
601535000
604119500
601558000
601574000
601529000
604117000
601559000
601575000
601536000
604120000
601560500
601576000
601537000
604115500
601561500
601577000
600667000
0130170100
600977000
600975000
610254000
0130200100
0251300000
600976000
691154000
0130200110
0251200009
600970000
600668000
0251800000
600974000
0251600000
600978000
0250400055
600979000
0103152100
604111000
600980000
0103153100
604112000
0103153300
604113000
0104004000
600962000
604114000
0104605000
600963000
600965000
0104705000
600964000
600966000
0200033000
600967000
600969000
0114026000
600968000
600982000
0114026100
600981000
600972000
601205000
600971000
600973000
619261000
0102540200
0102540300
0103150000
611216000
619125000
612216000
619150000
619004000
619175000
619008000
619250000
619009000
601750000
619010000
611750000
690966000
619260000
690967000
619260010
690968000
602540000
690969000
619003000
690971000
619305000
690972000
600635500
600636500
627100000
602364000
600391500
601789500
600360000
691064000
690889000
600434500
602014000
602015000
602024000
602070000
602034000
602045000
602057000
602058000
600365000
602059000
604040510
604040500
691058000
691059000
604040900
600433500
600129000
690885000
601067000
600129700
690886000
601067500
615025700
690939000
602066000
615025000
690940000
602066500
615050700
603825700
603065000
615050000
603825710
603065500
600066500
603825720
604063000
600441500
603826700
604063500
600442000
603826710
618121000
600442500
691000000
611350000
691001000
600443500
611350700
600724000
600444000
611351000
600737000
600444500
611351700
600738000
600131000
600103000
601229000
600405000
600136000
601229700
606463000
606480000
600615000
601204700
601404700
606464000
606472000
600616000
606177500
602682700
606464260
606472260
600618000
606178500
602682000
606465000
606481000
600617000
601030000
601406000
606484000
606473000
600627000
601030500
601406500
606439000
606473260
600855000
601040000
601406700
606466000
606474000
600955000
601040500
600375000
606467000
606474260
600955500
601041500
600065500
606467260
606475000
600955700
601100000
600311500
606468000
606475260
601066000
601100500
609225500
606469000
606476000
601066500
601100900
600443000
606469580
606476260
601085000
601401500
606470000
606482000
601085500
601402000
606470260
602335000
691135000
601403500
606471000
602335850
691149000
601403700
606471260
600427000
601204000
601404500
600354010
603626000
600468500
601092000
602244000
600354000
600431510
600562000
601097000
602244500
600376010
603627000
600496000
601098000
602265500
600376000
603627010
600515000
600473000
602183510
600371010
603627500
600534000
600507000
606434010
600371000
603627510
600516000
600517000
606435010
600374010
603629000
600522000
601074000
606429010
600374000
603630000
600514000
600547000
606430010
600374500
603631000
600548000
603829510
606431000
613080000
603632000
600549000
601099000
606432000
613080500
603632010
600552000
601089000
606436000
603621000
613082000
600535000
615250500
606437000
603623000
613083000
601086000
615200000
691081000
603624000
613085000
601087000
602259000
606461260
603625000
600448000
601088000
602259500
606462000
600350010
603625500
600468000
601095000
602243500
606462260
600765500
603610000
603605000
602204000
600766500
603611000
603605010
600663500
600767500
603608510
603605500
600663510
600770500
603608540
603605510
600878500
600769500
600347000
603605680
600878510
600341000
600347510
691083000
600697500
600396000
610035000
685172500
600697510
601751700
610035510
685172510
600713500
601752500
603613000
685173510
600713850
601753500
603613010
601241000
600713510
601755500
603614000
601242000
600637000
603602010
603614010
601243000
600659000
603606010
603614510
601243500
600688000
603607010
603603010
613060000
600763500
603608010
603604000
613069000
691057000
603608000
603604500
600323000
600780000
620002000
600671500
600782500
600353000
600671850
600782510
600360930
600672500
600782850
600741850
600672000
600787500
600383000
600742000
600783000
600133000
600742850
600783500
600741000
600133810
600742870
600783510
600580000
600743500
600784500
600585700
600841510
600785000
600573000
600841500
600785500
600573810
600841000
600786500
600574000
600781000
620044000
600574810
600781500
620045000
600512000
600781510
620046000
600806000
600781850
620001000
630895000
0901056218
0901056226
0901057290
0910011936
0901058903
630980420
0901053901
0901053774
626900000
0901053855
0901053820
0901053839
0901053723
0901053731
0901053758
635219000
635205000
635206000
635207000
635208000
635192000
635209000
635193000
635210000
635194000
635211000
635195000
635212000
635196000
635213000
635197000
635214000
635198000
635216000
635199000
635217000
635201000
635218000
635202000
635203000
635204000
0901026041
0910059955
0901026068
0910058010
0901026084
0913059441
0901026092
0913005058
0901026050
0913014626
0920016529
0901026076
0913007123
0901026106
0913013581
0901026289
0913010779
0913013565
0913031288
0913031296
0913031300
0913031270
0913017617
0913059433
0910031260
0901026017
0901025991
0901026025
0901026645
0901026653
0901054932
0901026661
0901026386
0901063087
0901063095
0901063109
0901026157
630177000
630231000
630403000
630256000
630413000
0903050306
626931000
626932000
626933000
626934000
626935000
626936000
626937000
626938000
626939000
626941000
626927000
626928000
626929000
626930000
623558000
0910053353
631547000
0901054940
0901054959
0901053782
0901054967
0901053715
0901053740
0901053766
0901053863
0901053871
0901053880
0901053898
0901053790
0901053804
0901053812
0901053847
623482000
623509000
623477000
623508000
623479000
623468000
623480000
623469000
623506000
623507000
623485000
623525000
623483000
623567000
623484000
623526000
623505000
623527000
623501000
623528000
623715000
623503000
623488000
623719000
623499000
623514000
623510000
623486000
623513000
623487000
623481000
623494000
625685000
625726000
626771000
625686000
625734000
626815000
625687000
625727000
626816000
625769000
625681000
625728000
630554000
625770000
625683000
623796700
625771000
625688000
623711000
625765000
624495000
623805000
625766000
624496000
623801000
625767000
624497000
626778000
626790000
625885000
624491000
623796000
630552000
625886000
624492000
623804000
625887000
624493000
623710000
625888000
625730000
623803000
625881000
625731000
630550000
625882000
625732000
630551000
625883000
625733000
626770000
625614000
625624000
625891000
624941000
625788000
625607000
625644000
625892000
624988000
631232000
625615000
625625000
625893000
624085000
625768000
625608000
625645000
624066000
624086000
625616000
625646000
624983000
624087000
625609000
625641000
624984000
624088000
625617000
625622000
624985000
624081000
625603000
625623000
624986000
624082000
625611000
625619000
624987000
624083000
625604000
625620000
624980000
624060000
625612000
625621000
624981000
625790000
625605000
625894000
624982000
625791000
625613000
625895000
624943000
625792000
625610000
625896000
624944000
625793000
625618000
625897000
624947000
625786000
625606000
625643000
625898000
624940000
625787000
626861000
624028000
624054000
624958000
626862000
624027000
624055000
624483000
625795000
624036000
624044000
624484000
625774000
624020000
624045000
624485000
631233000
624021000
624046000
624486000
624022000
624030000
624047000
624480000
624031000
624029000
624057000
624481000
624023000
624004000
624048000
624482000
624032000
624005000
624058000
624490000
624024000
624006000
624041000
624830000
624033000
624007000
624042000
624831000
624025000
624008000
624043000
624832000
624034000
624001000
624053000
624826000
624026000
624002000
624056000
624827000
624035000
624003000
624051000
624828000
624019000
624052000
631227000
631230000
631231000
631236000
631228000
624726000
624727000
624723000
631596000
631597000
631587000
631588000
631584000
631586000
631226000
624959000
631583000
631585000
628335000
626898000
630903000
626899000
630904000
626895000
630905000
626894000
630906000
630593000
630907000
628861000
630908000
628871000
628872000
628845000
628873000
628847000
630571000
628843000
630572000
630573000
630574000
628914000
630570000
628915000
630901000
628878000
628898000
627687000
628879000
628899000
627688000
628880000
628901000
627689000
628881000
628902000
628882000
628903000
628884000
628904000
627691000
628885000
628905000
627692000
628886000
628906000
627693000
628887000
628907000
627694000
626887000
628888000
628908000
627695000
626884000
628889000
628910000
627696000
626892000
628890000
628911000
627680000
628893000
628912000
627682000
628875000
628895000
628913000
627681000
628876000
628896000
627683000
628877000
628897000
627684000
627755000
627771000
627244000
627756000
627772000
627245000
627757000
627773000
627246000
627737000
627758000
627774000
627740000
627759000
627775000
627742000
627760000
627776000
627743000
627761000
627777000
627746000
627762000
627778000
627747000
627763000
627779000
627748000
627764000
627780000
627749000
627765000
627782000
627750000
627766000
627785000
627751000
627767000
627786000
627752000
627768000
627788000
627753000
627769000
627247000
627754000
627770000
627243000
627967000
627707000
627715000
627731000
627971000
627708000
627716000
627732000
627970000
627709000
627717000
627733000
627975000
627790000
627718000
627973000
627792000
627719000
627977000
627795000
627720000
627976000
627800000
627721000
627960000
627805000
627722000
627963000
627810000
627723000
627700000
627815000
627724000
627701000
627820000
627725000
627702000
627710000
627726000
627703000
627711000
627727000
627953000
627704000
627712000
627728000
627962000
627705000
627713000
627729000
627969000
627706000
627714000
627730000
625055000
627335000
627465000
627447000
625057000
627405000
627466000
627448000
625006000
627336000
627432000
627449000
625007000
627337000
627433000
627450000
625009000
627338000
627435000
627451000
625011000
627330000
627436000
627452000
625013000
627331000
627437000
627454000
625015000
627401000
627438000
627456000
625017000
627430000
627439000
627457000
625019000
627431000
627440000
627458000
627332000
627459000
627441000
627951000
627402000
627460000
627442000
627980000
625038000
627333000
627461000
627443000
627978000
625043000
627403000
627462000
627444000
625050000
627334000
627463000
627445000
625053000
627404000
627464000
627446000
627516000
627875000
627922000
627661000
627517000
627877000
627924000
627662000
627518000
627882000
627927000
627664000
627519000
627883000
627932000
627698000
627852000
627884000
627937000
627625000
627857000
627887000
627949000
627627000
627942000
627890000
625059000
627665000
627943000
627892000
625062000
627230000
627626000
627945000
627893000
625064000
627426000
627650000
627946000
627894000
625066000
627389000
627646000
627947000
627897000
625031000
627697000
627675000
627948000
627902000
625033000
627655000
627651000
627862000
627907000
627656000
627652000
627867000
627910000
627657000
627679000
625150000
627872000
627912000
627658000
627653000
627514000
627874000
627917000
627699000
627654000
627473000
627225000
627474000
627226000
627491000
627421000
627476000
627391000
627227000
627492000
627427000
627228000
627478000
627392000
627423000
627493000
627393000
627229000
627480000
627428000
627467000
627394000
627623000
627395000
627468000
627429000
627470000
627396000
627469000
627399000
627471000
627409000
627487000
627410000
627490000
627224000
631235000
625600000
626659000
631114000
624737000
626660000
631169000
624738000
626656000
625658000
624971000
626652000
631156000
624970000
626653000
627534000
631150000
626640000
626654000
627535000
631216000
626644000
626655000
627536000
624037000
626645000
626649000
627537000
631980000
626646000
626650000
627538000
625602000
626647000
626651000
627539000
625599000
631289000
626648000
626658000
631981000
624995000
626641000
626657000
625601000
624739000
626642000
626665000
631287000
624740000
626643000
626663000
631286000
624729000
626664000
626662000
631288000
625657000
626666000
626661000
628824000
631220000
624064000
7854115035
624061000
7854112915
624992000
630261000
630885000
630262000
630259000
630260000
630264000
630263000
631034000
631224000
7801009071
628703000
7802009105
628708000
7876194133
0901025916
628704000
0901025983
7802009083
628706000
0901059691
7800009558
628707000
628823000
7876194117
0901026360
628700000
630820000
7876693610
0901025924
628701000
7876693628
7802009091
0901056056
7876193978
7801009063
0901057303
7876193986
0901025894
0901056048
7876193994
0901025940
0901056161
09109691680
7800009035
0901054916
0901026319
0901026351
0901054908
628817000
7876194001
7800009043
0901054924
628816000
0901025908
628702000
0901054975
0901025932
628705000
0901054568
7876193951
628808000
7805033767
0901026327
628815000
7876193943
628812000
7809035764
7876194125
1319706247
1001672319
628809000
7809009283
628806000
0901031517
628813000
7809009275
628807000
0901026521
628810000
7809009291
0901026530
628814000
0901026246
0901026572
7851194171
0901026378
0901026548
7851194180
0901059489
0901055769
0901062145
0901059500
628818000
0901026858
7804065606
0901026130
628804000
0901026866
7804009161
0901026149
628805000
0901026882
628822000
0901026190
628803000
0901026904
0901026254
0901026173
7804010372
7876194060
7805009300
0901026203
7808009247
0901054983
7876194079
0901026238
628820000
0901054991
628811000
0901026220
0901013047
0901026408
628783000
628769000
0901025959
628749000
628779000
0901063818
0901025975
628754000
0901063800
0901025967
628747000
631753000
0901063877
628735000
628746000
630328000
0901063885
628734000
628755000
630322000
0901063869
628732000
628748000
631967000
0901063850
628730000
628740000
630299000
0901063796
628722000
628741000
631894000
0901063788
628733000
7803009133
630343000
0901054584
628731000
7803009141
631933000
0901063834
628720000
7803009117
631934000
0901026262
628721000
7803009125
628738000
631665000
0901031550
628737000
0901026777
0901026815
631629000
7710672339
628739000
0901026807
628759000
630275000
628781000
7876194010
628736000
628760000
630245000
628768000
7876194028
628756000
630169000
630172000
631939000
624996000
630164000
630173000
631938000
630325000
630168000
630326000
630324000
630317000
630212000
630897000
626996000
630213000
630898000
630798000
624994000
630320000
630796000
630244000
631363000
630321000
623767000
630312000
630359000
631365000
631751000
630868000
623768000
631752000
631940000
630174000
631362000
630329000
628848000
631337000
631370000
630323000
630298000
630176000
631345000
630296000
630867000
631348000
630175000
630314000
631364000
630171000
630344000
630316000
628800000
0903061685
0903061375
0903061677
628801000
0903050314
0903019352
0903016450
0903061243
0903058005
628821000
0903061260
0903009250
628802000
0903061278
0903061200
628799000
0903061251
628797000
0903028521
0903028351
628798000
0903064854
0903061294
0903028360
0903061316
0903028416
0903014253
0903028432
0903064838
0903028440
0903064846
0903061359
0903053143
0903061367
0903019379
0903018410
0903061340
627355000
628835000
628831000
628832000
628834000
628833000
626606000
0911001071
4313062258
0901064423
0901008540
626398000
0901004170
623443000
623522000
623520000
623524000
626399000
631800000
626377000
0911018691
624307000
626272000
626905000
626209000
626201000
626210000
626268000
626211000
626269000
626212000
626241000
626213000
626202000
626215000
626203000
626216000
626204000
626218000
626205000
626237000
626206000
626273000
626207000
626274000
626208000
626240000
626270000
626902000
626271000
626903000
628231000
626904000
625250000
631826000
625229000
626227000
626235000
631713000
631820000
625233000
625251000
626228000
626238000
626200000
631821000
625234000
631836000
626229000
626236000
625231000
625235000
630542000
626277000
626239000
625256000
631829000
626124000
626278000
631703000
625257000
631830000
626219000
626249000
631704000
625259000
631831000
626220000
626118000
631705000
631866000
631832000
626221000
626230000
631706000
631876000
631833000
626222000
626231000
626122000
631827000
631834000
626223000
626232000
631707000
631828000
631835000
626224000
626233000
631708000
631868000
631788000
626275000
626119000
631709000
631785000
631789000
626276000
626120000
626123000
631879000
625236000
626117000
626248000
631710000
631823000
631824000
625237000
626225000
626121000
631711000
625249000
631825000
625238000
626226000
626234000
631712000
625232000
625240000
631848000
631856000
630538000
626247000
625241000
631802000
630531000
630539000
626125000
625242000
631849000
630532000
631811000
626126000
631842000
631850000
631804000
630540000
626128000
631843000
631851000
625255000
630541000
625253000
631797000
631852000
631808000
631816000
630579000
631844000
631801000
630533000
631814000
631794000
631845000
630528000
631806000
630549000
631837000
631846000
625246000
630589000
631815000
631838000
630526000
625247000
631807000
630548000
631839000
630527000
625248000
631810000
631780000
626180000
631840000
625243000
631853000
630536000
625230000
626181000
631841000
625244000
631803000
630590000
631864000
626182000
630519000
625245000
631805000
630537000
631822000
626183000
631793000
625254000
631854000
631809000
626184000
625239000
631847000
631855000
631812000
623241000
623825000
626920000
625116000
626197000
623242000
623826000
626921000
625069000
626198000
623243000
623827000
626922000
625068000
626199000
623245000
623828000
626923000
625117000
626172000
623249000
623829000
623375000
626185000
626173000
623252000
623830000
623376000
626186000
626174000
623253000
623831000
623378000
626187000
626175000
623255000
626911000
623379000
626188000
626176000
623256000
626912000
623380000
626189000
626177000
623217000
626913000
623382000
626190000
626178000
623235000
623257000
626914000
623377000
626191000
626179000
623236000
623263000
626915000
623271000
626192000
623237000
623264000
626916000
625158000
626193000
623238000
623268000
626917000
625156000
626194000
623239000
623823000
626918000
625119000
626195000
623240000
623824000
626919000
625149000
626196000
626715000
623318000
623339000
623121000
623215000
626716000
623319000
623340000
623122000
623216000
626717000
623320000
623341000
623123000
623218000
623321000
623342000
623124000
623219000
623322000
623344000
623125000
623228000
623323000
623345000
623128000
623229000
623324000
623347000
623129000
623230000
626165000
623325000
623349000
623130000
623231000
623310000
623326000
623350000
623131000
623232000
623311000
623327000
623337000
623132000
623233000
623312000
623328000
623338000
623193000
623313000
623329000
623116000
623194000
623314000
623330000
623117000
623211000
623315000
623331000
623118000
623212000
623316000
623333000
623119000
623213000
626725000
623317000
623334000
623120000
623214000
628500000
628517000
628537000
628501000
628518000
628538000
628502000
628519000
628539000
628503000
628520000
628540000
628504000
628521000
628541000
628506000
628522000
628542000
628507000
628523000
628543000
628508000
628524000
628544000
628509000
628525000
631582000
628510000
628526000
628837000
628511000
628527000
626711000
628512000
628528000
626712000
628513000
628529000
626713000
628829000
628514000
628530000
626726000
628828000
628515000
628531000
626723000
628838000
628516000
628532000
630649000
630650000
631078000
630148000
623569000
627234000
623559000
631490000
616292000
626148000
0913014634
630835000
628967000
626146000
628416000
628417000
616259000
625682000
624942000
624945000
624946000
628605000
628627000
628606000
628628000
628607000
631589000
628608000
628609000
628610000
628611000
628612000
628613000
628615000
628617000
628620000
628622000
628600000
628623000
628602000
628624000
628603000
628626000
630976000
628360000
628368000
628370000
630714000
628356000
628349000
628366000
630977000
628377000
628373000
628351000
630979000
628375000
628369000
628339000
631949000
628348000
628358000
628340000
631948000
628344000
628346000
628332000
631947000
628367000
628342000
628333000
631945000
628364000
628354000
628334000
631946000
628378000
628365000
628336000
628405000
628372000
628350000
628337000
631248000
628404000
628361000
628402000
628338000
631567000
628403000
628401000
628359000
628330000
631507000
628376000
628357000
628355000
628331000
631503000
628352000
628353000
628343000
631501000
628374000
628345000
628347000
630715000
628371000
628341000
628363000
630120000
630121000
631660000
631720000
630119000
630105000
627609000
630980000
628329000
631505000
631504000
630106000
630118000
625129000
625130000
625123000
625126000
625128000
627523000
627524000
627525000
627526000
627527000
627987000
627988000
627989000
627990000
627992000
627991000
627339000
627340000
627528000
627522000
627585000
627138000
627146000
627317000
627994000
627586000
627126000
627134000
627318000
627995000
627587000
627139000
627147000
627319000
627996000
627088000
627588000
627127000
627135000
627320000
627997000
627589000
627140000
627136000
627321000
627998000
627590000
627128000
627150000
627322000
627999000
627591000
627141000
627115000
627323000
627592000
627129000
627116000
627324000
627593000
627142000
627124000
627325000
627594000
627130000
627137000
627326000
627579000
627595000
627143000
627312000
627327000
627580000
627596000
627131000
627313000
627328000
627581000
627597000
627144000
627314000
627311000
627582000
627598000
627132000
627315000
627329000
627583000
627599000
627145000
627316000
627986000
627584000
627125000
627133000
627347000
627993000
630005000
630004000
630003000
630001000
630002000
630006000
630000000
630011000
630007000
630022000
0911062119
0911030713
0911060167
0910064347
0910064312
0910064401
0910008749
626418000
623262000
629004000
0909031249
629005000
629007000
629006000
629003000
629008000
628900000
0910064363
631317000
0911030748
0911030730
0911050390
0911030845
0910058967
631042000
0911030721
631041000
0911016362
629009000
630201000
0911014220
630203000
0911053179
630202000
0920054030
630243000
0920054048
630247000
630241000
630239000
623597000
626870000
625224000
0909040825
623664000
626874000
0909040817
623670000
626873000
0909057191
623665000
626872000
0909057183
623591000
626871000
0909057175
631340000
626875000
627238000
626427000
631249000
626876000
627259000
626429000
626879000
627343000
627240000
626428000
627261000
627203000
631327000
627242000
627077000
631333000
627256000
623669000
627241000
631208000
631343000
623595000
630924000
630829000
623596000
0909060346
623646000
623926000
623978000
623652000
0909040841
0909030552
623620000
623647000
623697000
0909029260
0909030544
623676000
623648000
623979000
0909029252
623622000
623617000
623688000
0909029244
623639000
623675000
623671000
0909029279
623974000
623607000
623678000
0909060281
623618000
623657000
623649000
623980000
0909060257
623925000
623712000
623960000
623679000
0909060265
623638000
623690000
623654000
623621000
0909060273
623929000
623964000
623696000
623677000
0909000416
0909030536
623973000
623633000
623687000
623604000
0909000424
0909030528
631141000
623663000
623921000
623977000
623603000
0909029228
0909060303
623970000
623933000
623998000
623936000
0909029171
0909060320
623636000
623976000
623999000
623704000
0909029210
0909060354
623631000
623694000
623684000
623923000
0909029180
0909060338
623605000
623658000
623629000
623623000
0909052939
631129000
626559000
623836000
623691000
623965000
631130000
626560000
623837000
623961000
623637000
631093000
626565000
623600000
623969000
623924000
631491000
626566000
623698000
623634000
623950000
628253000
626567000
623968000
623975000
623971000
625491000
626568000
623943000
623608000
623662000
631080000
626569000
623944000
623650000
631454000
626563000
623945000
623686000
628251000
623905000
623941000
623609000
631094000
623906000
623940000
623962000
628267000
623645000
623640000
623635000
631139000
631989000
623948000
623606000
631990000
625494000
623624000
623632000
631137000
631918000
623651000
623949000
631120000
626556000
623834000
623695000
623641000
631144000
626557000
623835000
623703000
623692000
636242000
631492000
631495000
628241000
631096000
636243000
628246000
628247000
628244000
631494000
631921000
628255000
628256000
631488000
625492000
631927000
628257000
628269000
628245000
628254000
631968000
631907000
631986000
631472000
631095000
631923000
628260000
628261000
628242000
631493000
631984000
628262000
631817000
628252000
628250000
631993000
631146000
631097000
627237000
636216000
631992000
631926000
631819000
631125000
636215000
631925000
631407000
631818000
631098000
636217000
631916000
628259000
628248000
631910000
631122000
636226000
631917000
625497000
628263000
631911000
636602000
628268000
631932000
631987000
631914000
636225000
628264000
631909000
631470000
631912000
636227000
628265000
631991000
631458000
631915000
636241000
628266000
628258000
628240000
631913000
635125000
631943000
635054000
636518000
636341000
635126000
635019000
635056000
636621000
636356000
635128000
635050000
636617000
636343000
635132000
635049000
636616000
636353000
635133000
635058000
636615000
636361000
635115000
635143000
635304000
636619000
636364000
625226000
635144000
635255000
636620000
636362000
642395000
635146000
635252000
636614000
636363000
642396000
636601000
635254000
636613000
635165000
631920000
626724000
635253000
636612000
635167000
631922000
627235000
631924000
636322000
635168000
631931000
635008000
636219000
636321000
635169000
631930000
635302000
636517000
636323000
635104000
636609000
635033000
636515000
636333000
635114000
636608000
635036000
636520000
636342000
635116000
631928000
635072000
636519000
636351000
625159000
627667000
627098000
627111000
629010000
627668000
627112000
627200000
629011000
627669000
627151000
627202000
629011700
627670000
627152000
626706000
629013000
627671000
627158000
631039000
635105000
629014000
627672000
627161000
631040000
629020000
627185000
627162000
628214000
629021000
627157000
627164000
627107000
628215000
629022000
627120000
627159000
628213000
629023000
627121000
627174000
628270000
629024000
627191000
627122000
627156000
628271000
629025000
627171000
627119000
627179000
628218000
629026000
627190000
627153000
627180000
628219000
631020000
627192000
627154000
627182000
631213000
627193000
627096000
627181000
627666000
627097000
626705000
616359000
626955000
626697000
626244000
630478000
626963000
626702000
631715000
630484000
626961000
626704000
626246000
628412000
626962000
626701000
625580000
628414000
626960000
630419000
630581000
623106000
626419000
626710000
630584000
627094000
626420000
628849000
630580000
627972000
626958000
626421000
626721000
631690000
627974000
626954000
626944000
630454000
630477000
627979000
626951000
626945000
626707000
626728000
627173000
626957000
626946000
626708000
626729000
626959000
626947000
626709000
623309000
626950000
626948000
626696000
630486000
625220000
626952000
626943000
628850000
630824000
630488000
623599000
625435000
626953000
626703000
626245000
630489000
616358000
625434000
626956000
626700000
626243000
628413000
626344000
625931000
626745000
626345000
625941000
626744000
626346000
625943000
626738000
631001000
625944000
626739000
631004000
625940000
626737000
631005000
625942000
626735000
631006000
623512000
626736000
631007000
623473000
631008000
623474000
631002000
623475000
631003000
625928000
625932000
629061000
625933000
626742000
629062000
625929000
626743000
626347000
625930000
626741000
626394000
626313000
626360000
626282000
626303000
626392000
626314000
626361000
626286000
626304000
626299000
626320000
626362000
626284000
626305000
626298000
626323000
626363000
626285000
626306000
626297000
626383000
626348000
623541000
626319000
626296000
626386000
626349000
623537000
626322000
626295000
626384000
626350000
623538000
629068000
626291000
623519000
626351000
623536000
629069000
626292000
623495000
626355000
623539000
629063000
626293000
623496000
626352000
626310000
629064000
626290000
626408000
626353000
626308000
629067000
626294000
626405000
626354000
626309000
629065000
626311000
626410000
626280000
626300000
629060000
626315000
626406000
626281000
626307000
626316000
626409000
626283000
626301000
626391000
626312000
626407000
626279000
626302000
630370000
623292000
627362000
626456000
630356000
623298000
635000000
626457000
630371000
623300000
630726000
626628000
630357000
623283000
616171000
626629000
630355000
623284000
616177000
626630000
630373000
623278000
616170000
626631000
630388000
623281000
630728000
626632000
630372000
623282000
630727000
626633000
630378000
623280000
629175300
623272000
630705000
630725000
623934000
624840000
630719000
630832000
623910000
623287000
630709000
630800000
626390000
630814000
623273000
630792000
626452000
626388000
630362000
623289000
631360000
626453000
623279000
626387000
630386000
623290000
627360000
626454000
630387000
623291000
627361000
626455000
625198000
627007000
623392000
630706000
625199000
627008000
623393000
626730000
625200000
627009000
623394000
626731000
625201000
627010000
623395000
631167000
626732000
625202000
627012000
623396000
623565000
623288000
630383000
625203000
627038000
623032000
623566000
630802000
623276000
625204000
627039000
623031000
623564000
630401000
623140000
628095000
627037000
623034000
623561000
626752000
631166000
628096000
627040000
623035000
623562000
630390000
630327000
623531000
627013000
623399000
623036000
623560000
630363000
623935000
627001000
628207000
623370000
626411000
627002000
628201000
623299000
623107000
627003000
628203000
623038000
626733000
625195000
627004000
628204000
630351000
625196000
627005000
623398000
630352000
625197000
627006000
623391000
630353000
628308000
625215000
625165000
625181000
628309000
625216000
625166000
625182000
628310000
625205000
625167000
625184000
628318000
625206000
625168000
625185000
628311000
625207000
625169000
625186000
626609000
628312000
625208000
625170000
625187000
626608000
628300000
625209000
625171000
625188000
626610000
628313000
625210000
625172000
625189000
626604000
628314000
625211000
625173000
625190000
630859000
628315000
625160000
625174000
625191000
628302000
628301000
625213000
625175000
625192000
628303000
628316000
625214000
625176000
625193000
628304000
628317000
625161000
625177000
625194000
628305000
628322000
625162000
625178000
628306000
625217000
625163000
625179000
628307000
625218000
625164000
625180000
626534000
626508000
626624000
626585000
626616000
626535000
626509000
626622000
626586000
626618000
626536000
626510000
626571000
626587000
626620000
626537000
626511000
626572000
626588000
626602000
626538000
626512000
626573000
626589000
626603000
626539000
626513000
626574000
626590000
626540000
626514000
626575000
626591000
626541000
626515000
626576000
626592000
626526000
626500000
626516000
626577000
626593000
626527000
626501000
626517000
626578000
626594000
626528000
626502000
626518000
626579000
626595000
626529000
626503000
626519000
626580000
626596000
626530000
626504000
626520000
626581000
626597000
626531000
626505000
626600000
626582000
626598000
626532000
626506000
626611000
626583000
626599000
626533000
626507000
626623000
626584000
626614000
626521000
626522000
626523000
626524000
626525000
623759000
623365000
629180000
629179000
623356000
628410000
628408000
623521000
623366000
628411000
625025000
623385000
631387000
625020000
623352000
631388000
625021000
623463000
631449000
625022000
623383000
631424000
625023000
623384000
630992000
625024000
623369000
631421000
623354000
631420000
628964000
629181000
623464000
631422000
623751000
623387000
623367000
631456000
623752000
623386000
623355000
631425000
623351000
623758000
623353000
623358000
628406000
623757000
623357000
623359000
629178000
623760000
623368000
628409000
628407000
623148000
626417000
629088000
628969000
623149000
624346000
630777000
628970000
623154000
624347000
629097000
628971000
623176000
623150000
624913000
629093000
628965000
623177000
623151000
624915000
629096000
628966000
623198000
623152000
624916000
630788000
628968000
623195000
628097000
624912000
630778000
628960000
623196000
624873000
624926000
626371000
628961000
623197000
623275000
624927000
626403000
628962000
623112000
623740000
624092000
626404000
628963000
623114000
623741000
624964000
626372000
623115000
623742000
624965000
626373000
623144000
626486000
631223000
626374000
623145000
626482000
624063000
623146000
626483000
623265000
623153000
626368000
631217000
623147000
626159000
622987000
626415000
624393000
626462000
623178000
624104000
622981000
626375000
624275000
626463000
623175000
624102000
622982000
626400000
624277000
626464000
624105000
622984000
626401000
624279000
626490000
626160000
622985000
626402000
624278000
626491000
624106000
622997000
624475000
624398000
626492000
626161000
622991000
624477000
624395000
626460000
624247000
624227000
622992000
624478000
624396000
626461000
624392000
624228000
622994000
624239000
624397000
626488000
624216000
622995000
624394000
624276000
626489000
622977000
616197000
624241000
624256000
626166000
622971000
616198000
624246000
624356000
626167000
622972000
616200000
624391000
624258000
626168000
622974000
626370000
624243000
624358000
626169000
624124000
622975000
626416000
624244000
624259000
626170000
624122000
622986000
626369000
624248000
624359000
626171000
628029000
628677000
629103000
630636000
624223000
628678000
630638000
629106000
624226000
628679000
630779000
624094000
624218000
628676000
629091000
624141000
626154000
628680000
629092000
624142000
626155000
628026000
629095000
624135000
624219000
628027000
630657000
624143000
624220000
624145000
630656000
624136000
626156000
626395000
629104000
626150000
624221000
628023000
624967000
629094000
626151000
626157000
628110000
624968000
630784000
624137000
624101000
628024000
629090000
630785000
624138000
624123000
628495000
629089000
629105000
626152000
624103000
628492000
629102000
630634000
624139000
626158000
628493000
630632000
630635000
626153000
628028000
628494000
630633000
629098000
624222000
628060000
628048000
628090000
628057000
628041000
628087000
628227000
628017000
628083000
628088000
628064000
628102000
628066000
628046000
628228000
628018000
628065000
628049000
628229000
628105000
628063000
628059000
628091000
628094000
628042000
628221000
628058000
628020000
628076000
628043000
628025000
628016000
628108000
628005000
628084000
628220000
628092000
628109000
628037000
628011000
628061000
628056000
628007000
628044000
628222000
628224000
628082000
628085000
628223000
628225000
628040000
628010000
628093000
628226000
628230000
628045000
628053000
628100000
628009000
628012000
628014000
628101000
628062000
628013000
628051000
628015000
628293000
628655000
628652000
628073000
623549000
628292000
628285000
628656000
628002000
628288000
628291000
628666000
628325000
628075000
628296000
628290000
628286000
628326000
628004000
628443000
628650000
628667000
628657000
628006000
628447000
628279000
628647000
628651000
628035000
628448000
628660000
628648000
628668000
628077000
628294000
628284000
628649000
628669000
628295000
628665000
628278000
628272000
628444000
628654000
628659000
628000000
628445000
628277000
628281000
628001000
628287000
628658000
628662000
628070000
628289000
628280000
628283000
628071000
623550000
628297000
628661000
628664000
628072000
623551000
628442000
628282000
628675000
628030000
628446000
628663000
628653000
628031000
616452000
616748000
616747000
616465000
623547000
616453000
616749000
616731000
616563000
616328000
616518000
616486000
616561000
616212000
616745000
616462000
616796000
616202000
616735000
616291000
616763000
616136000
616429000
616554000
616572000
616135000
616792000
616604000
616622000
616137000
616726000
616654000
616672000
616343000
616729000
616487000
616279000
629015000
616338000
616739000
616464000
616468000
629016000
616327000
616275000
616795000
616573000
629017000
616339000
616460000
616560000
628273000
623548000
616213000
616725000
616610000
628276000
616167000
616203000
616290000
616760000
628034000
616127000
616215000
616680000
616660000
623545000
616477000
616204000
616730000
616277000
623546000
616104000
616738000
616753000
616450000
616181000
616209000
616732000
616448000
616185000
616218000
616271000
616310000
616515000
616229000
616219000
616196000
616752000
616273000
616516000
616285000
616189000
616312000
616508000
616274000
616500000
616187000
616733000
616226000
616228000
616100000
616220000
616456000
616227000
616509000
616105000
616506000
616444000
616184000
616103000
616737000
616513000
616514000
616111000
616115000
616770000
616192000
616507000
616102000
616302000
616727000
616286000
616183000
616300000
616126000
616751000
616182000
616224000
616143000
616147000
616728000
616222000
616109000
616457000
616303000
616454000
616501000
616119000
616163000
616442000
616101000
616121000
616299000
616741000
616107000
616313000
616123000
628553000
628574000
616512000
616191000
628554000
628575000
616420000
628555000
628576000
616744000
628556000
628577000
616742000
628557000
628578000
616447000
628558000
628579000
616446000
628559000
628580000
616210000
628560000
628581000
616180000
628561000
628582000
616208000
624304000
628562000
628583000
616195000
624306000
628563000
628298000
616188000
624308000
628564000
628299000
616186000
624309000
628570000
628206000
616270000
624310000
628571000
628208000
616216000
628551000
628572000
628209000
616217000
628552000
628573000
628205000
616505000
628790000
628792000
628791000
624295000
624296000
624298000
623729000
0911063549
600080710
600385710
601045500
602217710
602321710
602317710
600742710
600147500
600148500
601508850
600791850
625367000
626882000
626888000
626889000
626964000
626885000
626886000
626891000
626897000
626896000
657006000
657007000
604118500
601588000
691196000
691197000
601003840
602196500
601742830
691114000
685195000
626965000
626966000
627109000
685066000
631549000
631522000
631735000
624430000
631520000
631525000
631532000
631551000
631559000
625354000
626924000
623381000
625157000
625118000
625258000
626214000
626217000
623770000
628184000
628180000
628193000
628124000
617231000
617232000
617234000
617235000
617237000
617238000
617240000
617241000
617243000
617244000
617246000
617247000
617248000
617249000
616455000
616263000
616179000
616449000
616368000
616248000
616122000
616458000
616249000
616369000
616251000
616252000
616479000
616156000
616754000
628032000
628033000
628074000
628036000
628039000
628081000
628008000
628078000
628038000
628079000
628054000
628019000
628021000
626147000
623247000
623261000
624917000
624928000
626144000
626145000
624937000
626143000
626140000
624865000
626141000
626142000
624140000
624144000
624224000
624225000
624217000
624107000
622976000
622973000
622996000
616199000
626487000
626470000
626471000
624972000
630789000
630637000
629099000
630189000
612001000
612003000
631670000
600890000
631031000
627601000
624911000
624445000
624452000
624454000
624444000
624449000
631239000
624420000
624437000
624438000
626131000
626135000
626133000
626138000
626137000
0910057529
623267000
631528000
624405000
623269000
627075000
624966000
631590000
0910063952
630311000
0901063893
627608000
623259000
631595000
631052000
631074000
631281000
623371000
630928000
631285000
631211000
626376000
630464000
627354000
630187000
630191000
630192000
630194000
630195000
631019000
630463000
627621000
627640000
623862000
630704000
631435000
631599000
628379000
628381000
628382000
631110000
628380000
628383000
628386000
628387000
628388000
628384000
631111000
628385000
628389000
631112000
628390000
628394000
628391000
628395000
628392000
628393000
628396000
628397000
628398000
628399000
628400000
631222000
623867000
630272000
630282000
630051000
627043000
627042000
627041000
630442000
623542000
623529000
626378000
626413000
626414000
623530000
626379000
626380000
626381000
626382000
623511000
623470000
623851000
625451000
631937000
626446000
626442000
626449000
626431000
626436000
626432000
626438000
626433000
144223450
144226380
144224060
144225210
144226950
144226590
144224960
144223460
144223500
144226470
144226400
144224000
144224020
144227380
144226440
144220020
144224030
144226450
623855000
623858000
623857000
623854000
623868000
623874000
631382000
628972000
628973000
628974000
628975000
628976000
628977000
628978000
628979000
628980000
628981000
628982000
628983000
628984000
628985000
628986000
628987000
628988000
628989000
628546000
628535000
628202000
631165000
630346000
630813000
630364000
629174800
626364000
626329000
626328000
626366000
626367000
629066000
623476000
626605000
626734000
690424000
690086000
690101000
690105000
690085000
690077000
690084000
690083000
690076000
690080000
690074000
690073000
690081000
690078000
690104000
690106000
690103000
626949000
626699000
625390000
625391000
616099000
627160000
631213700
626942000
628212000
628210000
628211000
635177000
636625000
636624000
635100000
635035000
635250000
626570000
631985000
628243000
623909000
623907000
623920000
623942000
623939000
623938000
623903000
623972000
623693000
623685000
623937000
638527000
628435000
628427000
628428000
628429000
628432000
628433000
628434000
628424000
628425000
628426000
631044000
0903061227
0903061235
0903052597
626990000
626991000
0910009028
0910057553
0911003783
0910064371
0910063707
635429000
631592000
631935000
631349000
631936000
0901054657
0901054673
0901054592
0901063826
0901063427
7803010395
6109079322
9109691680
7801009055
631219000
631032000
631033000
631037000
631149000
625598000
631758000
631158000
624736000
624749000
631369000
635190000
635191000
635200000
635215000
627544000
627148000
627659000
627515000
627944000
627455000
627982000
627981000
627984000
627983000
627985000
627950000
627952000
627955000
627957000
627954000
627961000
627958000
627966000
627968000
627734000
627735000
627736000
627738000
627739000
627741000
627744000
627745000
627781000
627783000
627784000
627787000
627789000
628883000
628892000
628894000
628909000
628949000
628950000
628933000
628943000
628952000
628953000
628946000
628954000
628955000
628951000
628956000
628948000
628957000
628860000
628862000
628863000
630577000
630578000
630576000
628870000
628874000
630902000
630909000
630910000
630592000
630360000
630833000
628594000
628591000
628592000
628593000
631229000
624728000
624724000
624725000
624721000
628604000
628621000
628630000
626674000
626675000
626676000
626677000
626678000
626679000
626680000
626681000
626682000
626683000
626684000
626685000
626686000
626687000
626688000
626689000
626690000
626691000
626755000
626756000
626848000
626849000
626850000
626851000
626852000
626853000
626854000
626855000
626856000
626857000
626858000
626859000
626860000
626863000
626864000
626865000
624059000
624829000
624084000
624089000
625789000
625884000
625684000
624494000
625729000
623802000
631521000
631529000
626985000
0901054193
0901054665
0901054797
0903018402
0903028173
0903028203
0909031087
0910003305
0910003330
0910007092
0910007262
0910009036
0910009168
0910009176
0910009184
0910018434
0910018442
0910018450
0910018469
0910040472
0910040480
0910050001
0910050028
0910050036
0910050435
0910050451
0910053124
0910053205
0910057561
0910060090
0910060155
0910061909
0911053160
0920007112
0920054099
0920054102
616162000
616301000
616443000
616451000
616459000
622500000
623037000
623244000
623303000
623305000
623360000
623364000
623390000
623500000
623570000
623573000
623574000
623584000
623775000
623955000
623958000
624207000
624208000
624209000
624210000
624212000
624238000
624322000
624328000
624329000
624330000
624331000
624333000
624334000
624402000
624541000
624641000
624660000
624661000
624662000
624663000
624669000
624772000
624776000
624805000
624806000
624808000
624809000
624811000
624812000
624814000
624817000
624824000
624834000
624835000
624836000
624837000
624847000
624848000
624849000
624850000
624851000
624883000
624938000
624949000
625070000
625131000
625132000
625285000
625422000
625425000
625432000
625516000
626130000
626132000
626134000
626136000
626139000
627015000
627089000
627231000
627292000
627384000
627411000
627416000
627420000
627486000
627821000
627831000
627880000
630025000
630029000
630075000
630382000
630511000
630523000
630534000
630565000
630746000
630747000
630748000
630749000
630846000
630847000
630863000
630869000
630870000
630892000
630920000
630921000
630935000
630943000
630952000
630953000
630966000
630978000
630998000
631023000
631024000
631025000
631026000
631027000
631048000
631057000
631070000
631159000
631170000
631347000
631367000
631391000
631409000
631513000
631527000
631534000
631536000
631565000
631573000
631574000
631576000
631577000
631578000
631602000
631603000
631605000
631606000
631611000
631614000
631620000
631622000
631623000
631624000
631625000
631626000
631627000
631637000
631640000
631641000
631649000
631655000
631661000
631662000
631664000
631676000
631692000
631701000
631714000
631759000
631813000
631919000
631954000
636352000
623646001
0901054649
7854036534
600811500
600812500
601769840
601307840
601308840
601768840
601767840
601765840
601766840
600813840
600813850
600813660
600813810
601772000
601773000
601593000
601594000
628548000
628549000
628550000
616346000
628866000
628867000
628868000
628869000
630439000
638648040
638648000
638698040
638698000
638698010
638698020
638698030
638699040
638699000
638699010
644100040
644100000
644100010
644100020
644100030
638678040
638678000
638678010
638678020
638678030
638680040
638680000
638680010
638680020
638680030
638677040
638677000
638677010
638677020
638677030
638679040
638679000
638679010
638679020
638679030
638687040
638687000
638687010
638687020
638687030
638688040
638688000
638688010
638688020
638688030
638689040
638689000
638689010
638689020
638689030
638690040
638690000
638690010
638690020
638690030
638685000
638682040
638682000
638682010
638682020
638682030
638683040
638683000
638683010
638683020
638683030
638696040
638696000
638696010
638696020
638696030
638697040
638697000
638697010
638697020
638697030
638681000
638684000
638692000
638693000
644107000
644108000
638524000
638671000
638511000
638674000
638612000
638669000
657034000
657001000
657002000
644106000
644101000
657045000
657050000
657049000
602404840
602404850
602404800
602404650
600409000
615216000
615254000